0.5,15.074,6.0031
0.6,12.191,4.8139
0.7,10.175,3.9745
0.8,8.6995,3.3532
0.9,7.5839,2.8767
1,6.7194,2.5013
1.1,6.0366,2.1993
1.2,5.4894,1.9521
1.3,5.0454,1.7471
1.4,4.6815,1.5752
1.5,4.3805,1.4295
1.6,4.1296,1.3051
1.7,3.9186,1.1981
1.8,3.7398,1.1055
1.9,3.5871,1.0248
2,3.4556,0.95402
2.1,3.3414,0.89171
2.2,3.2413,0.83652
2.3,3.153,0.78739
2.4,3.0743,0.74345
2.5,3.0037,0.70397
2.6,2.9398,0.66833
2.7,2.8816,0.63603
2.8,2.8282,0.60664
2.9,2.779,0.57979
3,2.7332,0.55517
3.1,2.6904,0.53253
3.2,2.6503,0.51164
3.3,2.6124,0.4923
3.4,2.5765,0.47436
3.5,2.5424,0.45765
3.6,2.5099,0.44207
3.7,2.4787,0.4275
3.8,2.4488,0.41384
3.9,2.42,0.40101
4,2.3922,0.38894
4.1,2.3653,0.37755
4.2,2.3392,0.3668
4.3,2.3139,0.35663
4.4,2.2893,0.34699
4.5,2.2654,0.33784
4.6,2.242,0.32915
4.7,2.2192,0.32088
4.8,2.197,0.313
4.9,2.1752,0.30548
5,2.1538,0.2983
5.1,2.1329,0.29143
5.2,2.1124,0.28485
5.3,2.0923,0.27856
5.4,2.0726,0.27252
5.5,2.0532,0.26672
5.6,2.0341,0.26115
5.7,2.0153,0.25579
5.8,1.9969,0.25064
5.9,1.9787,0.24567
6,1.9608,0.24089
6.1,1.9432,0.23628
6.2,1.9259,0.23182
6.3,1.9087,0.22752
6.4,1.8919,0.22336
6.5,1.8752,0.21935
6.6,1.8588,0.21546
6.7,1.8426,0.21169
6.8,1.8267,0.20805
6.9,1.8109,0.20451
7,1.7953,0.20109
7.1,1.78,0.19776
7.2,1.7648,0.19454
7.3,1.7498,0.1914
7.4,1.735,0.18836
7.5,1.7204,0.18541
7.6,1.706,0.18253
7.7,1.6917,0.17973
7.8,1.6776,0.17701
7.9,1.6636,0.17437
8,1.6499,0.17179
8.1,1.6363,0.16927
8.2,1.6228,0.16683
8.3,1.6095,0.16444
8.4,1.5963,0.16211
8.5,1.5833,0.15984
8.6,1.5705,0.15763
8.7,1.5578,0.15547
8.8,1.5452,0.15336
8.9,1.5327,0.1513
9,1.5204,0.14929
9.1,1.5083,0.14732
9.2,1.4962,0.1454
9.3,1.4843,0.14352
9.4,1.4726,0.14168
9.5,1.4609,0.13988
9.6,1.4494,0.13813
9.7,1.438,0.13641
9.8,1.4267,0.13472
9.9,1.4155,0.13307
10,1.4045,0.13146
